2520
0,10
1,10
2,10
2,9
2,8
3,8
3,7
3,6
4,6
5,6
6,6
7,6
8,6
8,5
8,4
8,3
8,2
8,1
9,1
10,1
11,1
12,1
12,2
12,3
11,3
10,3
10,4
10,5
10,6
10,7
10,8
10,9
10,10
11,10
12,10
13,10
14,10
15,10
16,10
16,9
16,8
17,8
17,7
17,6
18,6
19,6
20,6
21,6
22,6
22,5
22,4
22,3
22,2
22,1
23,1
24,1
25,1
26,1
26,2
26,3
25,3
24,3
24,4
24,5
24,6
24,7
24,8
24,9
24,10
25,10
26,10
27,10
28,10
29,10
30,10
30,9
30,8
31,8
31,7
31,6
32,6
33,6
34,6
35,6
36,6
36,5
36,4
36,3
36,2
36,1
37,1
38,1
39,1
40,1
40,2
40,3
39,3
38,3
38,4
38,5
38,6
38,7
38,8
38,9
38,10
39,10
40,10
41,10
42,10
43,10
44,10
44,9
44,8
45,8
45,7
45,6
46,6
47,6
48,6
49,6
50,6
50,5
50,4
50,3
50,2
50,1
51,1
52,1
53,1
54,1
54,2
54,3
53,3
52,3
52,4
52,5
52,6
52,7
52,8
52,9
52,10
53,10
54,10
55,10
56,10
57,10
58,10
58,9
58,8
59,8
59,7
59,6
60,6
61,6
62,6
63,6
64,6
64,5
64,4
64,3
64,2
64,1
65,1
66,1
67,1
68,1
68,2
68,3
67,3
66,3
66,4
66,5
66,6
66,7
66,8
66,9
66,10
67,10
68,10
69,10
70,10
71,10
72,10
72,9
72,8
73,8
73,7
73,6
74,6
75,6
76,6
77,6
78,6
78,5
78,4
78,3
78,2
78,1
79,1
80,1
81,1
82,1
82,2
82,3
81,3
80,3
80,4
80,5
80,6
80,7
80,8
80,9
80,10
81,10
82,10
83,10
84,10
85,10
86,10
86,9
86,8
87,8
87,7
87,6
88,6
89,6
90,6
91,6
92,6
92,5
92,4
92,3
92,2
92,1
93,1
94,1
95,1
96,1
96,2
96,3
95,3
94,3
94,4
94,5
94,6
94,7
94,8
94,9
94,10
95,10
96,10
97,10
98,10
99,10
100,10
100,9
100,8
101,8
101,7
101,6
102,6
103,6
104,6
105,6
106,6
106,5
106,4
106,3
106,2
106,1
107,1
108,1
109,1
110,1
110,2
110,3
109,3
108,3
108,4
108,5
108,6
108,7
108,8
108,9
108,10
109,10
110,10
111,10
112,10
113,10
114,10
114,9
114,8
115,8
115,7
115,6
116,6
117,6
118,6
119,6
120,6
120,5
120,4
120,3
120,2
120,1
121,1
122,1
123,1
124,1
124,2
124,3
123,3
122,3
122,4
122,5
122,6
122,7
122,8
122,9
122,10
123,10
124,10
125,10
126,10
127,10
128,10
128,9
128,8
129,8
129,7
129,6
130,6
131,6
132,6
133,6
134,6
134,5
134,4
134,3
134,2
134,1
135,1
136,1
137,1
138,1
138,2
138,3
137,3
136,3
136,4
136,5
136,6
136,7
136,8
136,9
136,10
137,10
138,10
139,10
140,10
141,10
142,10
142,9
142,8
143,8
143,7
143,6
144,6
145,6
146,6
147,6
148,6
148,5
148,4
148,3
148,2
148,1
149,1
150,1
151,1
152,1
152,2
152,3
151,3
150,3
150,4
150,5
150,6
150,7
150,8
150,9
150,10
151,10
152,10
153,10
154,10
155,10
156,10
156,9
156,8
157,8
157,7
157,6
158,6
159,6
160,6
161,6
162,6
162,5
162,4
162,3
162,2
162,1
163,1
164,1
165,1
166,1
166,2
166,3
165,3
164,3
164,4
164,5
164,6
164,7
164,8
164,9
164,10
165,10
166,10
167,10
168,10
169,10
170,10
170,9
170,8
171,8
171,7
171,6
172,6
173,6
174,6
175,6
176,6
176,5
176,4
176,3
176,2
176,1
177,1
178,1
179,1
180,1
180,2
180,3
179,3
178,3
178,4
178,5
178,6
178,7
178,8
178,9
178,10
179,10
180,10
181,10
182,10
183,10
184,10
184,9
184,8
185,8
185,7
185,6
186,6
187,6
188,6
189,6
190,6
190,5
190,4
190,3
190,2
190,1
191,1
192,1
193,1
194,1
194,2
194,3
193,3
192,3
192,4
192,5
192,6
192,7
192,8
192,9
192,10
193,10
194,10
195,10
196,10
197,10
198,10
198,9
198,8
199,8
199,7
199,6
200,6
201,6
202,6
203,6
204,6
204,5
204,4
204,3
204,2
204,1
205,1
206,1
207,1
208,1
208,2
208,3
207,3
206,3
206,4
206,5
206,6
206,7
206,8
206,9
206,10
207,10
208,10
209,10
210,10
211,10
212,10
212,9
212,8
213,8
213,7
213,6
214,6
215,6
216,6
217,6
218,6
218,5
218,4
218,3
218,2
218,1
219,1
220,1
221,1
222,1
222,2
222,3
221,3
220,3
220,4
220,5
220,6
220,7
220,8
220,9
220,10
221,10
222,10
223,10
224,10
225,10
226,10
226,9
226,8
227,8
227,7
227,6
228,6
229,6
230,6
231,6
232,6
232,5
232,4
232,3
232,2
232,1
233,1
234,1
235,1
236,1
236,2
236,3
235,3
234,3
234,4
234,5
234,6
234,7
234,8
234,9
234,10
235,10
236,10
237,10
238,10
239,10
240,10
240,9
240,8
241,8
241,7
241,6
242,6
243,6
244,6
245,6
246,6
246,5
246,4
246,3
246,2
246,1
247,1
248,1
249,1
250,1
250,2
250,3
249,3
248,3
248,4
248,5
248,6
248,7
248,8
248,9
248,10
249,10
250,10
251,10
252,10
253,10
254,10
254,9
254,8
255,8
255,7
255,6
256,6
257,6
258,6
259,6
260,6
260,5
260,4
260,3
260,2
260,1
261,1
262,1
263,1
264,1
264,2
264,3
263,3
262,3
262,4
262,5
262,6
262,7
262,8
262,9
262,10
263,10
264,10
265,10
266,10
267,10
268,10
268,9
268,8
269,8
269,7
269,6
270,6
271,6
272,6
273,6
274,6
274,5
274,4
274,3
274,2
274,1
275,1
276,1
277,1
278,1
278,2
278,3
277,3
276,3
276,4
276,5
276,6
276,7
276,8
276,9
276,10
277,10
278,10
279,10
280,10
281,10
282,10
282,9
282,8
283,8
283,7
283,6
284,6
285,6
286,6
287,6
288,6
288,5
288,4
288,3
288,2
288,1
289,1
290,1
291,1
292,1
292,2
292,3
291,3
290,3
290,4
290,5
290,6
290,7
290,8
290,9
290,10
291,10
292,10
293,10
294,10
295,10
296,10
296,9
296,8
297,8
297,7
297,6
298,6
299,6
300,6
301,6
302,6
302,5
302,4
302,3
302,2
302,1
303,1
304,1
305,1
306,1
306,2
306,3
305,3
304,3
304,4
304,5
304,6
304,7
304,8
304,9
304,10
305,10
306,10
307,10
308,10
309,10
310,10
310,9
310,8
311,8
311,7
311,6
312,6
313,6
314,6
315,6
316,6
316,5
316,4
316,3
316,2
316,1
317,1
318,1
319,1
320,1
320,2
320,3
319,3
318,3
318,4
318,5
318,6
318,7
318,8
318,9
318,10
319,10
320,10
321,10
322,10
323,10
324,10
324,9
324,8
325,8
325,7
325,6
326,6
327,6
328,6
329,6
330,6
330,5
330,4
330,3
330,2
330,1
331,1
332,1
333,1
334,1
334,2
334,3
333,3
332,3
332,4
332,5
332,6
332,7
332,8
332,9
332,10
333,10
334,10
335,10
336,10
337,10
338,10
338,9
338,8
339,8
339,7
339,6
340,6
341,6
342,6
343,6
344,6
344,5
344,4
344,3
344,2
344,1
345,1
346,1
347,1
348,1
348,2
348,3
347,3
346,3
346,4
346,5
346,6
346,7
346,8
346,9
346,10
347,10
348,10
349,10
350,10
351,10
352,10
352,9
352,8
353,8
353,7
353,6
354,6
355,6
356,6
357,6
358,6
358,5
358,4
358,3
358,2
358,1
359,1
360,1
361,1
362,1
362,2
362,3
361,3
360,3
360,4
360,5
360,6
360,7
360,8
360,9
360,10
361,10
362,10
363,10
364,10
365,10
366,10
366,9
366,8
367,8
367,7
367,6
368,6
369,6
370,6
371,6
372,6
372,5
372,4
372,3
372,2
372,1
373,1
374,1
375,1
376,1
376,2
376,3
375,3
374,3
374,4
374,5
374,6
374,7
374,8
374,9
374,10
375,10
376,10
377,10
378,10
379,10
380,10
380,9
380,8
381,8
381,7
381,6
382,6
383,6
384,6
385,6
386,6
386,5
386,4
386,3
386,2
386,1
387,1
388,1
389,1
390,1
390,2
390,3
389,3
388,3
388,4
388,5
388,6
388,7
388,8
388,9
388,10
389,10
390,10
391,10
392,10
393,10
394,10
394,9
394,8
395,8
395,7
395,6
396,6
397,6
398,6
399,6
400,6
400,5
400,4
400,3
400,2
400,1
401,1
402,1
403,1
404,1
404,2
404,3
403,3
402,3
402,4
402,5
402,6
402,7
402,8
402,9
402,10
403,10
404,10
405,10
406,10
407,10
408,10
408,9
408,8
409,8
409,7
409,6
410,6
411,6
412,6
413,6
414,6
414,5
414,4
414,3
414,2
414,1
415,1
416,1
417,1
418,1
418,2
418,3
417,3
416,3
416,4
416,5
416,6
416,7
416,8
416,9
416,10
417,10
418,10
419,10
420,10
421,10
422,10
422,9
422,8
423,8
423,7
423,6
424,6
425,6
426,6
427,6
428,6
428,5
428,4
428,3
428,2
428,1
429,1
430,1
431,1
432,1
432,2
432,3
431,3
430,3
430,4
430,5
430,6
430,7
430,8
430,9
430,10
431,10
432,10
433,10
434,10
435,10
436,10
436,9
436,8
437,8
437,7
437,6
438,6
439,6
440,6
441,6
442,6
442,5
442,4
442,3
442,2
442,1
443,1
444,1
445,1
446,1
446,2
446,3
445,3
444,3
444,4
444,5
444,6
444,7
444,8
444,9
444,10
445,10
446,10
447,10
448,10
449,10
450,10
450,9
450,8
451,8
451,7
451,6
452,6
453,6
454,6
455,6
456,6
456,5
456,4
456,3
456,2
456,1
457,1
458,1
459,1
460,1
460,2
460,3
459,3
458,3
458,4
458,5
458,6
458,7
458,8
458,9
458,10
459,10
460,10
461,10
462,10
463,10
464,10
464,9
464,8
465,8
465,7
465,6
466,6
467,6
468,6
469,6
470,6
470,5
470,4
470,3
470,2
470,1
471,1
472,1
473,1
474,1
474,2
474,3
473,3
472,3
472,4
472,5
472,6
472,7
472,8
472,9
472,10
473,10
474,10
475,10
476,10
477,10
478,10
478,9
478,8
479,8
479,7
479,6
480,6
481,6
482,6
483,6
484,6
484,5
484,4
484,3
484,2
484,1
485,1
486,1
487,1
488,1
488,2
488,3
487,3
486,3
486,4
486,5
486,6
486,7
486,8
486,9
486,10
487,10
488,10
489,10
490,10
491,10
492,10
492,9
492,8
493,8
493,7
493,6
494,6
495,6
496,6
497,6
498,6
498,5
498,4
498,3
498,2
498,1
499,1
500,1
501,1
502,1
502,2
502,3
501,3
500,3
500,4
500,5
500,6
500,7
500,8
500,9
500,10
501,10
502,10
503,10
504,10
505,10
506,10
506,9
506,8
507,8
507,7
507,6
508,6
509,6
510,6
511,6
512,6
512,5
512,4
512,3
512,2
512,1
513,1
514,1
515,1
516,1
516,2
516,3
515,3
514,3
514,4
514,5
514,6
514,7
514,8
514,9
514,10
515,10
516,10
517,10
518,10
519,10
520,10
520,9
520,8
521,8
521,7
521,6
522,6
523,6
524,6
525,6
526,6
526,5
526,4
526,3
526,2
526,1
527,1
528,1
529,1
530,1
530,2
530,3
529,3
528,3
528,4
528,5
528,6
528,7
528,8
528,9
528,10
529,10
530,10
531,10
532,10
533,10
534,10
534,9
534,8
535,8
535,7
535,6
536,6
537,6
538,6
539,6
540,6
540,5
540,4
540,3
540,2
540,1
541,1
542,1
543,1
544,1
544,2
544,3
543,3
542,3
542,4
542,5
542,6
542,7
542,8
542,9
542,10
543,10
544,10
545,10
546,10
547,10
548,10
548,9
548,8
549,8
549,7
549,6
550,6
551,6
552,6
553,6
554,6
554,5
554,4
554,3
554,2
554,1
555,1
556,1
557,1
558,1
558,2
558,3
557,3
556,3
556,4
556,5
556,6
556,7
556,8
556,9
556,10
557,10
558,10
559,10
560,10
561,10
562,10
562,9
562,8
563,8
563,7
563,6
564,6
565,6
566,6
567,6
568,6
568,5
568,4
568,3
568,2
568,1
569,1
570,1
571,1
572,1
572,2
572,3
571,3
570,3
570,4
570,5
570,6
570,7
570,8
570,9
570,10
571,10
572,10
573,10
574,10
575,10
576,10
576,9
576,8
577,8
577,7
577,6
578,6
579,6
580,6
581,6
582,6
582,5
582,4
582,3
582,2
582,1
583,1
584,1
585,1
586,1
586,2
586,3
585,3
584,3
584,4
584,5
584,6
584,7
584,8
584,9
584,10
585,10
586,10
587,10
588,10
589,10
590,10
590,9
590,8
591,8
591,7
591,6
592,6
593,6
594,6
595,6
596,6
596,5
596,4
596,3
596,2
596,1
597,1
598,1
599,1
600,1
600,2
600,3
599,3
598,3
598,4
598,5
598,6
598,7
598,8
598,9
598,10
599,10
600,10
601,10
602,10
603,10
604,10
604,9
604,8
605,8
605,7
605,6
606,6
607,6
608,6
609,6
610,6
610,5
610,4
610,3
610,2
610,1
611,1
612,1
613,1
614,1
614,2
614,3
613,3
612,3
612,4
612,5
612,6
612,7
612,8
612,9
612,10
613,10
614,10
615,10
616,10
617,10
618,10
618,9
618,8
619,8
619,7
619,6
620,6
621,6
622,6
623,6
624,6
624,5
624,4
624,3
624,2
624,1
625,1
626,1
627,1
628,1
628,2
628,3
627,3
626,3
626,4
626,5
626,6
626,7
626,8
626,9
626,10
627,10
628,10
629,10
630,10
631,10
632,10
632,9
632,8
633,8
633,7
633,6
634,6
635,6
636,6
637,6
638,6
638,5
638,4
638,3
638,2
638,1
639,1
640,1
641,1
642,1
642,2
642,3
641,3
640,3
640,4
640,5
640,6
640,7
640,8
640,9
640,10
641,10
642,10
643,10
644,10
645,10
646,10
646,9
646,8
647,8
647,7
647,6
648,6
649,6
650,6
651,6
652,6
652,5
652,4
652,3
652,2
652,1
653,1
654,1
655,1
656,1
656,2
656,3
655,3
654,3
654,4
654,5
654,6
654,7
654,8
654,9
654,10
655,10
656,10
657,10
658,10
659,10
660,10
660,9
660,8
661,8
661,7
661,6
662,6
663,6
664,6
665,6
666,6
666,5
666,4
666,3
666,2
666,1
667,1
668,1
669,1
670,1
670,2
670,3
669,3
668,3
668,4
668,5
668,6
668,7
668,8
668,9
668,10
669,10
670,10
671,10
672,10
673,10
674,10
674,9
674,8
675,8
675,7
675,6
676,6
677,6
678,6
679,6
680,6
680,5
680,4
680,3
680,2
680,1
681,1
682,1
683,1
684,1
684,2
684,3
683,3
682,3
682,4
682,5
682,6
682,7
682,8
682,9
682,10
683,10
684,10
685,10
686,10
687,10
688,10
688,9
688,8
689,8
689,7
689,6
690,6
691,6
692,6
693,6
694,6
694,5
694,4
694,3
694,2
694,1
695,1
696,1
697,1
698,1
698,2
698,3
697,3
696,3
696,4
696,5
696,6
696,7
696,8
696,9
696,10
697,10
698,10
699,10
700,10
701,10
702,10
702,9
702,8
703,8
703,7
703,6
704,6
705,6
706,6
707,6
708,6
708,5
708,4
708,3
708,2
708,1
709,1
710,1
711,1
712,1
712,2
712,3
711,3
710,3
710,4
710,5
710,6
710,7
710,8
710,9
710,10
711,10
712,10
713,10
714,10
715,10
716,10
716,9
716,8
717,8
717,7
717,6
718,6
719,6
720,6
721,6
722,6
722,5
722,4
722,3
722,2
722,1
723,1
724,1
725,1
726,1
726,2
726,3
725,3
724,3
724,4
724,5
724,6
724,7
724,8
724,9
724,10
725,10
726,10
727,10
728,10
729,10
730,10
730,9
730,8
731,8
731,7
731,6
732,6
733,6
734,6
735,6
736,6
736,5
736,4
736,3
736,2
736,1
737,1
738,1
739,1
740,1
740,2
740,3
739,3
738,3
738,4
738,5
738,6
738,7
738,8
738,9
738,10
739,10
740,10
741,10
742,10
743,10
744,10
744,9
744,8
745,8
745,7
745,6
746,6
747,6
748,6
749,6
750,6
750,5
750,4
750,3
750,2
750,1
751,1
752,1
753,1
754,1
754,2
754,3
753,3
752,3
752,4
752,5
752,6
752,7
752,8
752,9
752,10
753,10
754,10
755,10
756,10
757,10
758,10
758,9
758,8
759,8
759,7
759,6
760,6
761,6
762,6
763,6
764,6
764,5
764,4
764,3
764,2
764,1
765,1
766,1
767,1
768,1
768,2
768,3
767,3
766,3
766,4
766,5
766,6
766,7
766,8
766,9
766,10
767,10
768,10
769,10
770,10
771,10
772,10
772,9
772,8
773,8
773,7
773,6
774,6
775,6
776,6
777,6
778,6
778,5
778,4
778,3
778,2
778,1
779,1
780,1
781,1
782,1
782,2
782,3
781,3
780,3
780,4
780,5
780,6
780,7
780,8
780,9
780,10
781,10
782,10
783,10
784,10
785,10
786,10
786,9
786,8
787,8
787,7
787,6
788,6
789,6
790,6
791,6
792,6
792,5
792,4
792,3
792,2
792,1
793,1
794,1
795,1
796,1
796,2
796,3
795,3
794,3
794,4
794,5
794,6
794,7
794,8
794,9
794,10
795,10
796,10
797,10
798,10
799,10
800,10
800,9
800,8
801,8
801,7
801,6
802,6
803,6
804,6
805,6
806,6
806,5
806,4
806,3
806,2
806,1
807,1
808,1
809,1
810,1
810,2
810,3
809,3
808,3
808,4
808,5
808,6
808,7
808,8
808,9
808,10
809,10
810,10
811,10
812,10
813,10
814,10
814,9
814,8
815,8
815,7
815,6
816,6
817,6
818,6
819,6
820,6
820,5
820,4
820,3
820,2
820,1
821,1
822,1
823,1
824,1
824,2
824,3
823,3
822,3
822,4
822,5
822,6
822,7
822,8
822,9
822,10
823,10
824,10
825,10
826,10
827,10
828,10
828,9
828,8
829,8
829,7
829,6
830,6
831,6
832,6
833,6
834,6
834,5
834,4
834,3
834,2
834,1
835,1
836,1
837,1
838,1
838,2
838,3
837,3
836,3
836,4
836,5
836,6
836,7
836,8
836,9
836,10
837,10
838,10
839,10
840,10
841,10
842,10
842,9
842,8
843,8
843,7
843,6
844,6
845,6
846,6
847,6
848,6
848,5
848,4
848,3
848,2
848,1
849,1
850,1
851,1
852,1
852,2
852,3
851,3
850,3
850,4
850,5
850,6
850,7
850,8
850,9
850,10
851,10
852,10
853,10
854,10
855,10
856,10
856,9
856,8
857,8
857,7
857,6
858,6
859,6
860,6
861,6
862,6
862,5
862,4
862,3
862,2
862,1
863,1
864,1
865,1
866,1
866,2
866,3
865,3
864,3
864,4
864,5
864,6
864,7
864,8
864,9
864,10
865,10
866,10
867,10
868,10
869,10
870,10
870,9
870,8
871,8
871,7
871,6
872,6
873,6
874,6
875,6
876,6
876,5
876,4
876,3
876,2
876,1
877,1
878,1
879,1
880,1
880,2
880,3
879,3
878,3
878,4
878,5
878,6
878,7
878,8
878,9
878,10
879,10
880,10
881,10
882,10
883,10
884,10
884,9
884,8
885,8
885,7
885,6
886,6
887,6
888,6
889,6
890,6
890,5
890,4
890,3
890,2
890,1
891,1
892,1
893,1
894,1
894,2
894,3
893,3
892,3
892,4
892,5
892,6
892,7
892,8
892,9
892,10
893,10
894,10
895,10
896,10
897,10
898,10
898,9
898,8
899,8
899,7
899,6
900,6
901,6
902,6
903,6
904,6
904,5
904,4
904,3
904,2
904,1
905,1
906,1
907,1
908,1
908,2
908,3
907,3
906,3
906,4
906,5
906,6
906,7
906,8
906,9
906,10
907,10
908,10
909,10
910,10
911,10
912,10
912,9
912,8
913,8
913,7
913,6
914,6
915,6
916,6
917,6
918,6
918,5
918,4
918,3
918,2
918,1
919,1
920,1
921,1
922,1
922,2
922,3
921,3
920,3
920,4
920,5
920,6
920,7
920,8
920,9
920,10
921,10
922,10
923,10
924,10
925,10
926,10
926,9
926,8
927,8
927,7
927,6
928,6
929,6
930,6
931,6
932,6
932,5
932,4
932,3
932,2
932,1
933,1
934,1
935,1
936,1
936,2
936,3
935,3
934,3
934,4
934,5
934,6
934,7
934,8
934,9
934,10
935,10
936,10
937,10
938,10
939,10
940,10
940,9
940,8
941,8
941,7
941,6
942,6
943,6
944,6
945,6
946,6
946,5
946,4
946,3
946,2
946,1
947,1
948,1
949,1
950,1
950,2
950,3
949,3
948,3
948,4
948,5
948,6
948,7
948,8
948,9
948,10
949,10
950,10
951,10
952,10
953,10
954,10
954,9
954,8
955,8
955,7
955,6
956,6
957,6
958,6
959,6
960,6
960,5
960,4
960,3
960,2
960,1
961,1
962,1
963,1
964,1
964,2
964,3
963,3
962,3
962,4
962,5
962,6
962,7
962,8
962,9
962,10
963,10
964,10
965,10
966,10
967,10
968,10
968,9
968,8
969,8
969,7
969,6
970,6
971,6
972,6
973,6
974,6
974,5
974,4
974,3
974,2
974,1
975,1
976,1
977,1
978,1
978,2
978,3
977,3
976,3
976,4
976,5
976,6
976,7
976,8
976,9
976,10
977,10
978,10
979,10
