196
3,7
3,7
4,7
4,8
3,8
3,9
3,10
3,11
3,12
2,12
2,13
2,14
2,15
2,16
2,17
2,18
3,18
4,18
5,18
6,18
7,18
8,18
9,18
10,18
11,18
12,18
13,18
14,18
15,18
16,18
17,18
18,18
19,18
20,18
21,18
21,19
22,19
22,20
23,20
23,21
24,21
24,22
25,22
25,23
26,23
27,23
27,24
28,24
28,25
27,25
26,25
25,25
25,24
24,24
23,24
22,24
21,24
20,24
19,24
18,24
17,24
17,25
18,25
18,26
19,26
20,26
20,27
21,27
22,27
23,27
24,27
25,27
26,27
27,27
28,27
29,27
29,28
29,29
29,30
29,31
29,32
29,33
28,33
27,33
26,33
25,33
24,33
23,33
22,33
21,33
20,33
19,33
18,33
17,33
16,33
15,33
14,33
14,34
14,35
14,36
14,37
15,37
15,38
16,38
17,38
18,38
19,38
20,38
21,38
22,38
23,38
24,38
25,38
26,38
27,38
28,38
29,38
30,38
31,38
32,38
33,38
34,38
35,38
36,38
37,38
37,37
37,36
37,35
37,34
37,33
37,32
37,31
37,30
37,29
37,28
37,27
37,26
36,26
36,25
35,25
35,24
34,24
34,23
33,23
33,22
32,22
32,21
31,21
30,21
30,20
29,20
29,19
29,18
28,18
28,17
27,17
27,16
27,15
27,14
26,14
25,14
25,13
24,13
24,12
23,12
23,11
22,11
22,10
21,10
21,9
20,9
20,8
20,7
20,6
20,5
19,5
18,5
17,5
16,5
15,5
14,5
13,5
12,5
11,5
10,5
10,4
9,4
8,4
7,4
6,4
5,4
4,4
3,4
2,4
1,4
0,4
